2060
1327
2340
1438
2361
1965
2791
15
2860
2721
2137
1316
2542
1044
973
2478
2903
1077
1494
1468
462
1492
605
671
314
388
2904
1379
155
1929
285
2657
158
2750
2836
2420
2399
1847
1356
1297
976
164
2935
2616
2561
55
2986
2828
1520
766
247
1917
2326
127
2475
414
1901
2864
1219
2514
1393
2321
422
866
429
1238
2348
1445
2563
19
1021
2418
2813
1994
1309
1785
2916
188
2579
858
1652
1966
1168
2881
273
1230
2447
2525
2701
2849
2884
1976
2762
1178
2782
1589
2734
871
1250
1667
438
2031
2883
2210
249
2225
2077
781
2344
1853
2150
1295
1410
343
2056
1551
2402
1551
2612
1271
907
725
2917
868
1626
2936
26
2034
971
2126
2683
1743
1138
1193
223
746
1826
1284
1029
1468
2352
1263
1571
239
1101
2195
166
539
2382
16
1846
2585
464
2008
805
890
1737
1290
1533
2880
1162
1076
1970
2479
1860
390
1207
2077
1755
1442
192
306
2669
879
1055
2934
1538
2572
935
500
137
1726
1115
2301
582
696
1208
847
1239
1824
1208
787
2140
1161
2791
948
955
2538
1961
1481
3
2068
1366
49
804
166
2119
210
963
2932
2866
1283
1350
1319
96
2390
1479
896
204
359
2454
263
758
697
1024
1873
988
1010
2604
532
498
1581
1417
873
2158
1880
338
246
1061
134
2370
475
250
1601
1367
2436
434
64
279
2658
142
7
2609
1114
1450
64
324
2080
2964
2456
152
1501
1851
1476
245
1430
976
1191
1008
1277
306
2828
1117
1899
973
2407
1606
1167
386
504
471
2069
1834
513
2014
2953
542
1093
2888
2584
1839
2048
2708
1120
2487
2007
1656
1299
2553
2434
38
2231
2602
239
921
970
698
2863
1789
1360
1115
932
2330
2476
503
2622
2676
2246
853
2474
2157
372
582
1145
189
2831
561
2234
765
2746
1628
2864
1762
1060
1578
1380
182
1781
418
1451
338
2318
338
836
1433
2351
613
2210
91
806
2434
1319
1003
338
2035
2084
1565
2875
815
208
246
1010
1305
2303
2431
313
1098
2809
2875
2561
1646
2010
2962
2966
603
1402
1373
83
2304
1449
2348
1761
2010
2286
685
1481
1047
2104
369
1461
1432
2608
2466
2212
1580
285
53
4
2340
661
2050
1980
2342
1814
78
2750
480
2238
2577
79
2048
1865
624
566
2082
270
2032
876
1094
917
831
277
2121
2166
2757
277
965
361
25
2181
713
1273
101
1650
1566
2725
1413
2010
552
1643
2353
2492
821
1920
4
1234
2568
2047
405
192
2494
1491
263
1646
2187
455
823
2583
1120
2622
1765
1762
1632
1050
1174
2457
2494
1245
2985
1374
1699
1209
567
296
470
1203
1210
2871
1230
2936
2864
2396
1677
906
929
651
1107
125
2491
714
794
2679
2591
863
2112
829
1028
1946
443
391
1941
1659
2850
1939
75
1490
2246
2295
88
536
2211
199
876
2150
1055
628
459
1435
2660
505
1818
932
1525
1084
473
2130
726
705
2514
2398
89
865
1552
1644
1046
950
2216
422
1671
120
2573
2477
1943
2733
2439
564
2114
2985
2651
1649
1014
382
1088
381
691
2407
396
1292
2741
2187
1491
527
2771
671
2256
1850
191
2687
854
2195
975
797
1511
404
1321
1391
1963
1602
2532
2534
1797
2969
1255
677
2774
2855
1023
1906
687
718
2112
2687
656
917
2058
1536
1299
1675
2915
1717
2518
1333
995
1245
1429
2173
1643
1387
1801
1626
1859
858
910
1616
2258
1829
684
2411
2590
2327
1977
2760
428
1151
2213
707
397
123
2581
2605
547
2139
486
2688
1874
1477
1503
41
2942
47
80
941
2547
2256
906
1799
459
2567
936
2636
2344
1315
1058
2623
1441
2913
2788
2152
125
649
1298
1882
425
2076
1576
1800
391
695
2301
1464
1690
2804
748
2822
662
933
1424
2664
1929
1442
548
539
1639
1187
717
1668
1107
1828
2618
831
2107
1353
17
2747
2157
2807
273
2576
2233
1150
2872
1365
587
1424
2151
1383
743
169
2731
342
860
225
1121
2036
299
1278
30
1987
2050
1383
1796
2763
2577
2923
1424
1614
2546
268
4
2097
274
2816
2479
2463
2057
773
1267
747
2628
2236
2409
2206
1720
614
1945
92
2896
2689
1555
1185
1163
884
2475
2670
584
1089
1041
2780
2218
759
87
2685
80
744
726
588
2430
2821
2721
614
1228
1922
1797
341
2499
2171
1581
900
2803
1065
1874
1003
2128
1294
1364
2865
1902
1936
1338
2015
553
2908
1090
618
294
19
795
1395
1752
943
2459
93
1784
2281
1531
2144
1798
1943
1666
890
2873
2763
2979
1684
2317
325
2847
1984
1641
2621
1435
862
821
667
329
776
778
2933
2399
2234
880
2361
2066
1215
326
2908
2472
2709
1299
138
2511
2273
765
185
141
929
249
206
201
2694
2119
2089
2779
2095
2297
2808
1643
2705
1771
512
1884
1501
1629
2912
711
454
1627
1290
36
746
760
911
1136
2569
717
2960
587
467
1658
1381
914
2379
2038
2225
47
956
1054
2799
995
2886
71
907
2280
2331
109
1373
2107
169
2660
870
1984
2478
1225
2026
1827
2567
1240
1037
929
1193
99
1140
2457
252
1810
1855
61
1281
1717
1796
912
1762
112
2993
235
2632
1726
915
331
939
924
1971
2749
1556
2482
1321
2014
520
450
1365
2694
494
1785
1096
982
930
2029
829
1669
1749
2855
766
2858
1091
1378
1160
697
1859
2229
2713
2310
514
2791
2923
1534
2580
547
1726
871
1370
539
203
1674
187
2214
93
153
1160
2314
1778
2895
954
2072
972
2754
591
2154
834
1751
2338
1973
2335
1862
1405
920
886
2256
2069
1821
2432
625
2530
2253
149
1024
639
923
2913
2171
625
1428
588
1150
1570
2413
1563
1587
524
2418
2440
825
1745
188
2950
2071
2857
713
1960
211
2857
2418
543
2650
2073
35
2893
1688
921
1892
2816
1746
2339
1829
808
512
891
2745
1113
946
25
2967
2644
933
340
1491
1018
581
2770
2443
2548
483
2939
1718
1304
1364
1590
2444
2191
242
2245
691
201
1005
1468
2812
855
507
2067
2163
2419
111
2864
1321
1864
15
1028
75
2386
1972
661
122
1653
2589
1348
2472
735
2197
2292
1846
1267
2223
510
2558
2964
1064
2092
2554
620
569
2181
694
1582
512
378
219
1435
105
1712
1811
2079
2628
526
1073
1486
40
110
252
1141
847
1078
1901
1485
1869
1681
1074
2656
2379
1362
517
2876
1301
1847
2269
335
2184
1539
2035
2086
1953
2200
641
330
2102
269
15
2430
710
2578
2161
1497
400
2449
2756
2041
938
2384
1933
2585
90
2693
543
2366
2862
2320
242
2809
724
1146
2585
2757
2570
1236
2955
2511
1631
1818
1974
1814
419
1760
1225
1808
868
2396
1178
1490
309
1871
1231
2611
516
2180
2959
2221
1954
2096
1333
1019
1390
1473
1584
1179
1727
1576
166
1947
1538
826
2690
2997
1652
1555
2166
115
2930
749
2677
498
717
1878
1731
344
1790
1963
1915
1074
1083
932
1657
1183
429
632
1751
2450
242
272
1251
1032
588
1098
1511
2365
1942
2492
2386
870
2415
1600
1202
844
562
1118
318
639
1398
2295
2908
2388
1955
1221
1379
1903
1835
1427
2117
2623
2582
2734
2521
583
1438
2207
2825
2049
1131
832
1229
1688
2018
540
741
1046
2488
1970
873
2970
1311
856
1806
2761
114
690
978
2741
1161
1289
884
2859
2152
857
880
1497
546
1052
1498
1404
1411
2754
731
1136
272
624
1950
98
1081
1448
1163
566
2566
2825
1778
1111
436
1020
441
445
965
1514
909
638
832
830
1318
965
1850
439
789
294
2469
1204
2620
483
98
1974
1202
279
794
389
2562
1772
2562
1687
2284
1483
75
276
2861
1942
2944
939
2721
2466
1037
2824
2094
1000
2871
2294
1239
544
748
1387
2133
1493
2361
1570
1583
1230
82
1118
1802
686
964
725
2424
1119
1694
801
564
1799
461
1394
284
2142
993
1586
1349
1238
717
2456
204
59
1555
242
2950
2680
1415
2003
1874
805
1420
587
1004
130
2997
1236
1450
113
2795
1450
2236
1139
361
1845
909
2302
1654
1841
845
1185
1067
589
1169
2685
1391
1051
11
41
493
2770
276
971
923
2314
1121
2653
1622
2606
1854
471
1569
598
2401
2758
2333
2009
1200
691
1431
932
685
776
1801
617
67
2919
231
1969
2292
1181
866
361
73
2362
2391
2265
2885
1163
255
225
703
2401
2697
1274
2433
746
1914
2291
1480
1551
2433
1879
1526
1901
887
2958
363
1272
2024
2103
1433
2277
1738
2249
2016
205
766
2516
66
975
583
2398
1370
331
521
845
184
988
2563
446
2943
1837
1753
1184
2169
2171
115
574
1030
571
386
2513
1737
1639
2048
380
2563
12
2453
615
930
2738
775
2768
1975
2081
401
124
2617
1330
2029
675
601
2463
1755
2030
2126
448
870
2091
675
2222
892
478
2136
2637
2946
1224
868
1451
2442
455
1274
956
423
2241
1625
1111
336
86
1660
933
495
2750
110
2787
680
2752
1165
1365
90
2752
2702
1046
1399
312
439
2671
396
455
1826
2216
562
1297
1885
2103
1354
1429
2683
1467
1428
301
527
723
1577
875
1960
877
413
1382
25
1660
1370
506
917
2303
2391
516
1421
45
2502
1401
1600
2397
708
2785
239
2708
2596
402
1815
2486
2775
1006
836
83
2184
410
2466
2594
282
1932
2564
2851
1512
816
1045
1408
1513
1272
1144
1440
2093
495
1519
867
2385
2043
336
2895
1882
868
1782
1963
2884
1273
71
136
52
2330
1250
199
2325
2762
981
297
683
2903
313
1554
1647
1981
1321
1970
1978
2287
700
2276
863
2171
1503
2294
944
1461
736
2887
2059
1571
1846
482
2063
1431
2477
1362
2117
1617
1915
2372
2272
1792
2679
1534
744
2081
2332
1
1170
1615
773
1089
1681
2833
1603
1709
248
726
2444
1083
669
2898
1089
1604
1677
457
2940
441
14
414
2501
652
2507
1228
317
1105
370
2254
1082
603
1761
766
1518
2385
726
604
1739
2703
1952
147
1609
1241
1239
2649
814
2117
374
1304
1785
1532
2001
2707
452
2919
2145
1176
2075
1339
1166
797
1408
631
355
1313
1857
2339
1293
71
1700
928
1578
2346
1284
1359
1720
1263
1702
243
2796
2188
179
1362
664
2163
2951
100
1149
2792
2416
1363
577
1751
2196
738
557
684
773
268
1545
2523
2366
517
1281
1247
1264
152
612
2163
518
1383
1388
1899
324
425
1255
2991
2962
215
1009
2207
1310
136
1588
1797
1265
916
2932
2502
2676
2292
1764
159
505
1124
1078
1135
1600
2358
1037
496
2054
1376
1302
1400
1130
2237
399
1511
1063
549
1849
2481
2372
1287
1189
2630
785
840
402
1568
1610
2323
1106
662
2294
1880
2450
1340
2213
1391
1900
649
2410
2214
2118
907
1545
1824
2090
377
1993
752
553
1993
3
1871
2567
285
2312
1858
1293
2958
438
2132
449
161
44
1510
513
1367
794
1429
1907
498
268
2458
2290
2846
2265
1830
181
2168
935
209
1852
1392
899
546
288
2757
439
1307
2801
2156
2319
2185
507
752
2885
1588
2252
1051
2003
2382
2232
127
1631
1481
115
2222
2345
964
1716
67
400
1067
276
1327
1910
806
1238
1142
1894
2084
2837
1127
1163
371
1499
2444
90
2644
2691
1318
1336
1282
2333
286
367
1257
312
1849
682
1854
1362
492
2878
782
1976
929
394
2918
1747
1640
2078
828
1762
2127
2659
1342
2896
2483
1937
1478
108
1400
2947
2069
2973
645
2545
2049
812
1391
1660
2250
108
2600
2266
1047
2118
2430
2962
2966
1203
1038
378
67
98
2137
737
2157
2266
1908
854
2497
1712
2650
233
2682
80
1660
254
1411
2107
134
2163
977
1687
2587
1784
2543
1555
324
367
2362
271
512
529
1820
2836
600
695
1202
884
946
1385
240
2275
2892
230
1650
2208
2925
1546
437
2864
968
1419
1341
1364
2088
2541
1727
2148
2776
1985
2864
2437
2095
1685
1520
1399
421
75
778
229
1518
550
2298
1844
271
1449
2008
1986
398
2737
2797
2953
2919
2580
1992
2437
89
734
403
1824
1627
1790
1211
2499
2124
1941
1608
1089
2893
1689
641
1791
2760
2714
450
2591
2888
40
828
2473
2785
1179
572
2739
2776
2713
1976
847
913
417
1654
843
1489
457
2144
639
1583
2527
1808
2411
2527
1966
1422
2235
922
1343
2855
1850
1125
2212
111
2752
2346
1857
842
1259
878
423
2246
1046
1013
1621
2100
2132
1698
2004
2894
1685
2014
651
330
1774
912
1542
494
1641
392
716
425
2430
1820
2885
1524
101
956
696
1134
591
1897
709
1598
2719
2644
2424
1090
2293
2523
1843
2899
2361
1488
1367
2206
2456
470
1861
2007
1790
1776
2746
2379
1014
606
1666
1948
1517
1069
2563
1949
5
1422
1536
1992
703
2470
2142
1650
1035
139
1379
1620
985
2880
2135
2879
2198
2213
1618
1461
1717
168
1132
1644
2685
16
387
2584
506
1529
1956
2049
1522
2596
728
2409
2321
817
1826
2675
1355
2957
491
1338
2943
1537
1342
1529
1471
1431
319
751
397
700
1590
1870
2535
1204
2848
46
319
2395
2206
1505
2992
2359
2472
360
1960
2857
511
2808
108
1186
1466
1403
475
1671
1506
334
421
683
2757
503
2307
2956
1327
282
2064
1798
2728
498
1372
1708
532
490
1311
2686
2485
1679
2606
2242
1577
1086
112
950
2741
1342
1587
2261
73
2022
2120
2136
939
1673
1249
599
1382
2022
75
963
782
1638
576
2615
681
336
1196
1827
727
2779
19
129
1598
2012
1771
1255
929
1096
1039
688
2275
1483
1522
1980
517
2068
792
1761
2836
2027
36
249
967
2270
212
2010
241
1060
1500
2644
576
2610
366
1213
191
1580
1654
1765
2118
225
1318
1347
540
1915
2050
2533
1937
674
572
2293
2941
2784
1239
94
1020
704
669
1935
1605
666
869
137
506
1619
84
1355
545
1877
2782
2441
247
2126
1040
2063
822
706
1303
2651
2724
174
2479
2296
1007
1930
1497
1047
2438
356
2794
2290
1402
2706
2589
1902
68
1931
2266
2459
1087
1195
611
1980
2076
1266
677
2254
2538
1555
2785
2916
2169
862
908
627
684
1306
1875
1509
522
960
1830
122
333
475
2280
2469
1792
1678
2746
845
103
1639
932
340
2560
1790
2231
2457
45
1591
2384
875
1404
265
744
948
2380
438
981
708
1567
1802
325
16
958
447
1370
2122
1002
2328
2464
2795
1891
2864
2765
2023
571
755
859
2668
1862
1840
1614
1801
2375
2232
2302
498
734
1422
442
2736
2363
812
1384
1047
1028
2401
2061
2284
1646
1304
67
693
237
188
1343
84
2654
800
504
2137
1427
264
2762
1076
2089
52
2635
1445
44
688
2168
2891
1004
2865
1494
1229
2387
2509
1418
1353
1216
878
1772
2164
2649
256
2914
628
2362
1423
911
77
1173
2672
2553
1902
2040
133
70
2232
1928
497
374
84
2345
2178
2408
1619
745
18
818
474
2068
171
1631
1189
2439
1875
1194
2333
2336
391
2245
2463
1488
266
2598
517
1802
2298
1855
621
29
2065
1347
1747
2639
1614
128
924
1838
2995
255
1656
440
525
969
2693
2906
1901
2468
2368
772
1103
265
2952
1995
204
2705
1180
664
2937
1630
556
391
2527
1596
1308
506
2255
686
1325
2996
1912
838
1266
2827
2496
1616
1942
1133
1471
288
894
1610
2910
2971
2434
2631
2361
1240
1246
1721
1135
2837
2631
2619
364
2265
1859
447
1022
2505
2576
366
312
19
2227
1859
1486
168
1620
482
237
2343
1465
533
17
2790
2025
529
23
2952
2006
450
510
111
2747
1465
2906
1563
1352
1274
222
1201
846
2556
2292
1136
2286
857
634
2738
1612
1486
1357
2835
1791
2999
2135
2327
1684
1841
1275
637
1505
169
2741
753
1801
228
792
1546
2185
279
2838
1864
2385
720
1697
907
2045
2956
1288
1112
413
637
195
2446
2564
2380
1508
1779
2521
286
2978
1522
484
671
2974
1174
1245
1597
1613
2912
2981
676
483
2778
2354
2927
2316
1911
1950
594
1620
1480
770
2056
2495
2043
2847
1971
2244
2201
138
265
964
2414
1183
2065
1670
258
2073
859
516
462
1971
2184
1192
58
908
717
1711
327
645
2014
1247
1517
914
1950
1736
2082
290
1115
680
721
1030
1657
1690
1285
1064
1962
1612
2343
1437
1842
2504
474
2558
1398
55
1841
941
1626
1618
486
338
15
2192
1287
2927
1249
322
1713
2957
2103
435
605
2576
2315
2201
1454
1339
1718
1245
2316
1202
12
479
1973
1407
1544
2883
2199
2285
1335
1240
2196
235
2911
201
1731
371
2168
992
2452
248
293
2092
722
486
816
953
1554
343
794
982
1714
1403
923
2131
1773
2405
1586
1053
1935
856
1478
1527
2306
2133
1614
410
2366
1183
2613
1862
1652
1364
295
2431
944
1655
1177
727
2434
2520
2265
671
805
1604
2953
888
354
1772
2589
2847
1894
1580
1200
225
